dataset,seed,method,score,left_hausdorff,right_hausdorff,symmetric_hausdorff,true_changepoints,estimated_changepoints,n_cpts,time
iris,326,changeforest_bs__random_forest_n_estimators=20__random_forest_max_depth=2__random_forest_max_features=1,1.0,0.0,0.0,0.0,"[0, 50, 100, 150]","[0, 50, 100, 150]",2,0.011783334077335894
iris,326,changeforest_bs__random_forest_n_estimators=20__random_forest_max_depth=2__random_forest_max_features=default,1.0,0.0,0.0,0.0,"[0, 50, 100, 150]","[0, 50, 100, 150]",2,0.007880439050495625
iris,326,changeforest_bs__random_forest_n_estimators=20__random_forest_max_depth=2__random_forest_max_features=None,1.0,0.0,0.0,0.0,"[0, 50, 100, 150]","[0, 50, 100, 150]",2,0.010498331976123154
iris,326,changeforest_bs__random_forest_n_estimators=20__random_forest_max_depth=8__random_forest_max_features=1,1.0,0.0,0.0,0.0,"[0, 50, 100, 150]","[0, 50, 100, 150]",2,0.012883267016150057
iris,326,changeforest_bs__random_forest_n_estimators=20__random_forest_max_depth=8__random_forest_max_features=default,1.0,0.0,0.0,0.0,"[0, 50, 100, 150]","[0, 50, 100, 150]",2,0.010778101044707
iris,326,changeforest_bs__random_forest_n_estimators=20__random_forest_max_depth=8__random_forest_max_features=None,1.0,0.0,0.0,0.0,"[0, 50, 100, 150]","[0, 50, 100, 150]",2,0.012648027972318232
iris,326,changeforest_bs__random_forest_n_estimators=20__random_forest_max_depth=None__random_forest_max_features=1,1.0,0.0,0.0,0.0,"[0, 50, 100, 150]","[0, 50, 100, 150]",2,0.012139441911131144
iris,326,changeforest_bs__random_forest_n_estimators=20__random_forest_max_depth=None__random_forest_max_features=default,1.0,0.0,0.0,0.0,"[0, 50, 100, 150]","[0, 50, 100, 150]",2,0.01189471292309463
iris,326,changeforest_bs__random_forest_n_estimators=20__random_forest_max_depth=None__random_forest_max_features=None,1.0,0.0,0.0,0.0,"[0, 50, 100, 150]","[0, 50, 100, 150]",2,0.011994092958047986
iris,326,changeforest_bs__random_forest_n_estimators=100__random_forest_max_depth=2__random_forest_max_features=1,1.0,0.0,0.0,0.0,"[0, 50, 100, 150]","[0, 50, 100, 150]",2,0.0143364779651165
iris,326,changeforest_bs__random_forest_n_estimators=100__random_forest_max_depth=2__random_forest_max_features=default,1.0,0.0,0.0,0.0,"[0, 50, 100, 150]","[0, 50, 100, 150]",2,0.01563138992059976
iris,326,changeforest_bs__random_forest_n_estimators=100__random_forest_max_depth=2__random_forest_max_features=None,1.0,0.0,0.0,0.0,"[0, 50, 100, 150]","[0, 50, 100, 150]",2,0.016017627087421715
iris,326,changeforest_bs__random_forest_n_estimators=100__random_forest_max_depth=8__random_forest_max_features=1,1.0,0.0,0.0,0.0,"[0, 50, 100, 150]","[0, 50, 100, 150]",2,0.023914386052638292
iris,326,changeforest_bs__random_forest_n_estimators=100__random_forest_max_depth=8__random_forest_max_features=default,1.0,0.0,0.0,0.0,"[0, 50, 100, 150]","[0, 50, 100, 150]",2,0.022238086094148457
iris,326,changeforest_bs__random_forest_n_estimators=100__random_forest_max_depth=8__random_forest_max_features=None,1.0,0.0,0.0,0.0,"[0, 50, 100, 150]","[0, 50, 100, 150]",2,0.022396235959604383
iris,326,changeforest_bs__random_forest_n_estimators=100__random_forest_max_depth=None__random_forest_max_features=1,1.0,0.0,0.0,0.0,"[0, 50, 100, 150]","[0, 50, 100, 150]",2,0.02355462801642716
iris,326,changeforest_bs__random_forest_n_estimators=100__random_forest_max_depth=None__random_forest_max_features=default,1.0,0.0,0.0,0.0,"[0, 50, 100, 150]","[0, 50, 100, 150]",2,0.02273364400025457
iris,326,changeforest_bs__random_forest_n_estimators=100__random_forest_max_depth=None__random_forest_max_features=None,1.0,0.0,0.0,0.0,"[0, 50, 100, 150]","[0, 50, 100, 150]",2,0.025153208058327436
iris,326,changeforest_bs__random_forest_n_estimators=500__random_forest_max_depth=2__random_forest_max_features=1,1.0,0.0,0.0,0.0,"[0, 50, 100, 150]","[0, 50, 100, 150]",2,0.037100150948390365
iris,326,changeforest_bs__random_forest_n_estimators=500__random_forest_max_depth=2__random_forest_max_features=default,1.0,0.0,0.0,0.0,"[0, 50, 100, 150]","[0, 50, 100, 150]",2,0.042314377962611616
iris,326,changeforest_bs__random_forest_n_estimators=500__random_forest_max_depth=2__random_forest_max_features=None,1.0,0.0,0.0,0.0,"[0, 50, 100, 150]","[0, 50, 100, 150]",2,0.04194101004395634
iris,326,changeforest_bs__random_forest_n_estimators=500__random_forest_max_depth=8__random_forest_max_features=1,1.0,0.0,0.0,0.0,"[0, 50, 100, 150]","[0, 50, 100, 150]",2,0.06907438591588289
iris,326,changeforest_bs__random_forest_n_estimators=500__random_forest_max_depth=8__random_forest_max_features=default,1.0,0.0,0.0,0.0,"[0, 50, 100, 150]","[0, 50, 100, 150]",2,0.06649103201925755
iris,326,changeforest_bs__random_forest_n_estimators=500__random_forest_max_depth=8__random_forest_max_features=None,1.0,0.0,0.0,0.0,"[0, 50, 100, 150]","[0, 50, 100, 150]",2,0.07042543694842607
iris,326,changeforest_bs__random_forest_n_estimators=500__random_forest_max_depth=None__random_forest_max_features=1,1.0,0.0,0.0,0.0,"[0, 50, 100, 150]","[0, 50, 100, 150]",2,0.07606227102223784
iris,326,changeforest_bs__random_forest_n_estimators=500__random_forest_max_depth=None__random_forest_max_features=default,1.0,0.0,0.0,0.0,"[0, 50, 100, 150]","[0, 50, 100, 150]",2,0.07026344689074904
iris,326,changeforest_bs__random_forest_n_estimators=500__random_forest_max_depth=None__random_forest_max_features=None,1.0,0.0,0.0,0.0,"[0, 50, 100, 150]","[0, 50, 100, 150]",2,0.06905153498519212
glass,326,changeforest_bs__random_forest_n_estimators=20__random_forest_max_depth=2__random_forest_max_features=1,0.8617557930434737,0.0794392523364486,0.004672897196261682,0.0794392523364486,"[0, 9, 79, 96, 172, 201, 214]","[0, 9, 96, 173, 201, 214]",4,0.016879020957276225
glass,326,changeforest_bs__random_forest_n_estimators=20__random_forest_max_depth=2__random_forest_max_features=default,0.8617557930434737,0.0794392523364486,0.004672897196261682,0.0794392523364486,"[0, 9, 79, 96, 172, 201, 214]","[0, 9, 96, 173, 201, 214]",4,0.018591701053082943
glass,326,changeforest_bs__random_forest_n_estimators=20__random_forest_max_depth=2__random_forest_max_features=None,0.8642362118814109,0.0794392523364486,0.009345794392523364,0.0794392523364486,"[0, 9, 79, 96, 172, 201, 214]","[0, 9, 96, 172, 203, 214]",4,0.019692233065143228
glass,326,changeforest_bs__random_forest_n_estimators=20__random_forest_max_depth=8__random_forest_max_features=1,0.9481883088187752,0.014018691588785047,0.028037383177570093,0.028037383177570093,"[0, 9, 79, 96, 172, 201, 214]","[0, 9, 73, 82, 96, 172, 201, 214]",6,0.03269610903225839
glass,326,changeforest_bs__random_forest_n_estimators=20__random_forest_max_depth=8__random_forest_max_features=default,0.6751369801983756,0.13551401869158877,0.056074766355140186,0.13551401869158877,"[0, 9, 79, 96, 172, 201, 214]","[0, 9, 108, 172, 203, 214]",4,0.021597041049972177
glass,326,changeforest_bs__random_forest_n_estimators=20__random_forest_max_depth=8__random_forest_max_features=None,0.8608147532838234,0.0794392523364486,0.02336448598130841,0.0794392523364486,"[0, 9, 79, 96, 172, 201, 214]","[0, 9, 96, 172, 203, 209, 214]",5,0.02589311299379915
glass,326,changeforest_bs__random_forest_n_estimators=20__random_forest_max_depth=None__random_forest_max_features=1,0.8725526347385163,0.0794392523364486,0.0,0.0794392523364486,"[0, 9, 79, 96, 172, 201, 214]","[0, 9, 96, 172, 201, 214]",4,0.025492205983027816
glass,326,changeforest_bs__random_forest_n_estimators=20__random_forest_max_depth=None__random_forest_max_features=default,0.8642362118814109,0.0794392523364486,0.009345794392523364,0.0794392523364486,"[0, 9, 79, 96, 172, 201, 214]","[0, 9, 96, 172, 203, 214]",4,0.022301306948065758
glass,326,changeforest_bs__random_forest_n_estimators=20__random_forest_max_depth=None__random_forest_max_features=None,0.8608147532838234,0.0794392523364486,0.02336448598130841,0.0794392523364486,"[0, 9, 79, 96, 172, 201, 214]","[0, 9, 96, 172, 203, 209, 214]",5,0.027482073986902833
glass,326,changeforest_bs__random_forest_n_estimators=100__random_forest_max_depth=2__random_forest_max_features=1,0.8725526347385163,0.0794392523364486,0.0,0.0794392523364486,"[0, 9, 79, 96, 172, 201, 214]","[0, 9, 96, 172, 201, 214]",4,0.030058567062951624
glass,326,changeforest_bs__random_forest_n_estimators=100__random_forest_max_depth=2__random_forest_max_features=default,0.8725526347385163,0.0794392523364486,0.0,0.0794392523364486,"[0, 9, 79, 96, 172, 201, 214]","[0, 9, 96, 172, 201, 214]",4,0.03262584004551172
glass,326,changeforest_bs__random_forest_n_estimators=100__random_forest_max_depth=2__random_forest_max_features=None,0.8617557930434737,0.0794392523364486,0.004672897196261682,0.0794392523364486,"[0, 9, 79, 96, 172, 201, 214]","[0, 9, 96, 173, 201, 214]",4,0.039906163001433015
glass,326,changeforest_bs__random_forest_n_estimators=100__random_forest_max_depth=8__random_forest_max_features=1,0.8642362118814109,0.0794392523364486,0.009345794392523364,0.0794392523364486,"[0, 9, 79, 96, 172, 201, 214]","[0, 9, 96, 172, 203, 214]",4,0.05121231998782605
glass,326,changeforest_bs__random_forest_n_estimators=100__random_forest_max_depth=8__random_forest_max_features=default,0.8642362118814109,0.0794392523364486,0.009345794392523364,0.0794392523364486,"[0, 9, 79, 96, 172, 201, 214]","[0, 9, 96, 172, 203, 214]",4,0.05388953408692032
glass,326,changeforest_bs__random_forest_n_estimators=100__random_forest_max_depth=8__random_forest_max_features=None,0.8617557930434737,0.0794392523364486,0.004672897196261682,0.0794392523364486,"[0, 9, 79, 96, 172, 201, 214]","[0, 9, 96, 173, 201, 214]",4,0.06020418298430741
glass,326,changeforest_bs__random_forest_n_estimators=100__random_forest_max_depth=None__random_forest_max_features=1,0.8642362118814109,0.0794392523364486,0.009345794392523364,0.0794392523364486,"[0, 9, 79, 96, 172, 201, 214]","[0, 9, 96, 172, 203, 214]",4,0.05249936191830784
glass,326,changeforest_bs__random_forest_n_estimators=100__random_forest_max_depth=None__random_forest_max_features=default,0.8536780162146418,0.0794392523364486,0.009345794392523364,0.0794392523364486,"[0, 9, 79, 96, 172, 201, 214]","[0, 9, 96, 173, 203, 214]",4,0.049086343962699175
glass,326,changeforest_bs__random_forest_n_estimators=100__random_forest_max_depth=None__random_forest_max_features=None,0.8617557930434737,0.0794392523364486,0.004672897196261682,0.0794392523364486,"[0, 9, 79, 96, 172, 201, 214]","[0, 9, 96, 173, 201, 214]",4,0.06161119299940765
glass,326,changeforest_bs__random_forest_n_estimators=500__random_forest_max_depth=2__random_forest_max_features=1,0.8725526347385163,0.0794392523364486,0.0,0.0794392523364486,"[0, 9, 79, 96, 172, 201, 214]","[0, 9, 96, 172, 201, 214]",4,0.08216636104043573
glass,326,changeforest_bs__random_forest_n_estimators=500__random_forest_max_depth=2__random_forest_max_features=default,0.9539575190410434,0.02336448598130841,0.02336448598130841,0.02336448598130841,"[0, 9, 79, 96, 172, 201, 214]","[0, 9, 84, 96, 172, 201, 214]",5,0.1020474029937759
glass,326,changeforest_bs__random_forest_n_estimators=500__random_forest_max_depth=2__random_forest_max_features=None,0.8617557930434737,0.0794392523364486,0.004672897196261682,0.0794392523364486,"[0, 9, 79, 96, 172, 201, 214]","[0, 9, 96, 173, 201, 214]",4,0.10289169801399112
glass,326,changeforest_bs__random_forest_n_estimators=500__random_forest_max_depth=8__random_forest_max_features=1,0.8725526347385163,0.0794392523364486,0.0,0.0794392523364486,"[0, 9, 79, 96, 172, 201, 214]","[0, 9, 96, 172, 201, 214]",4,0.18548903602641076
glass,326,changeforest_bs__random_forest_n_estimators=500__random_forest_max_depth=8__random_forest_max_features=default,0.8642362118814109,0.0794392523364486,0.009345794392523364,0.0794392523364486,"[0, 9, 79, 96, 172, 201, 214]","[0, 9, 96, 172, 203, 214]",4,0.15217642101924866
glass,326,changeforest_bs__random_forest_n_estimators=500__random_forest_max_depth=8__random_forest_max_features=None,0.8617557930434737,0.0794392523364486,0.004672897196261682,0.0794392523364486,"[0, 9, 79, 96, 172, 201, 214]","[0, 9, 96, 173, 201, 214]",4,0.18164448102470487
glass,326,changeforest_bs__random_forest_n_estimators=500__random_forest_max_depth=None__random_forest_max_features=1,0.8725526347385163,0.0794392523364486,0.0,0.0794392523364486,"[0, 9, 79, 96, 172, 201, 214]","[0, 9, 96, 172, 201, 214]",4,0.19363689399324358
glass,326,changeforest_bs__random_forest_n_estimators=500__random_forest_max_depth=None__random_forest_max_features=default,0.8642362118814109,0.0794392523364486,0.009345794392523364,0.0794392523364486,"[0, 9, 79, 96, 172, 201, 214]","[0, 9, 96, 172, 203, 214]",4,0.16860382503364235
glass,326,changeforest_bs__random_forest_n_estimators=500__random_forest_max_depth=None__random_forest_max_features=None,0.8617557930434737,0.0794392523364486,0.004672897196261682,0.0794392523364486,"[0, 9, 79, 96, 172, 201, 214]","[0, 9, 96, 173, 201, 214]",4,0.1819506490137428
wine,326,changeforest_bs__random_forest_n_estimators=20__random_forest_max_depth=2__random_forest_max_features=1,0.9394893622487175,0.033426183844011144,0.01036830702568864,0.033426183844011144,"[0, 216, 2354, 5190, 6269, 6462]","[0, 2356, 5186, 6202, 6462]",3,0.20808925107121468
wine,326,changeforest_bs__random_forest_n_estimators=20__random_forest_max_depth=2__random_forest_max_features=default,0.9784862986085745,0.01532033426183844,0.01532033426183844,0.01532033426183844,"[0, 216, 2354, 5190, 6269, 6462]","[0, 216, 2366, 5184, 6170, 6462]",4,0.24757444695569575
wine,326,changeforest_bs__random_forest_n_estimators=20__random_forest_max_depth=2__random_forest_max_features=None,0.977413739172336,0.01532033426183844,0.01532033426183844,0.01532033426183844,"[0, 216, 2354, 5190, 6269, 6462]","[0, 216, 2368, 5184, 6170, 6462]",4,0.2810310120694339
wine,326,changeforest_bs__random_forest_n_estimators=20__random_forest_max_depth=8__random_forest_max_features=1,0.9900812934530879,0.0018570102135561746,0.0018570102135561746,0.0018570102135561746,"[0, 216, 2354, 5190, 6269, 6462]","[0, 216, 2366, 5184, 6262, 6462]",4,0.32091008499264717
wine,326,changeforest_bs__random_forest_n_estimators=20__random_forest_max_depth=8__random_forest_max_features=default,0.9903893945946579,0.0018570102135561746,0.0018570102135561746,0.0018570102135561746,"[0, 216, 2354, 5190, 6269, 6462]","[0, 214, 2366, 5184, 6268, 6462]",4,0.33658668398857117
wine,326,changeforest_bs__random_forest_n_estimators=20__random_forest_max_depth=8__random_forest_max_features=None,0.9939084214700454,0.0010832559579077685,0.0010832559579077685,0.0010832559579077685,"[0, 216, 2354, 5190, 6269, 6462]","[0, 214, 2361, 5186, 6270, 6462]",4,0.4448992769466713
wine,326,changeforest_bs__random_forest_n_estimators=20__random_forest_max_depth=None__random_forest_max_features=1,0.9780187314756834,0.01284432064376354,0.01284432064376354,0.01284432064376354,"[0, 216, 2354, 5190, 6269, 6462]","[0, 68, 133, 2354, 5187, 6269, 6462]",5,0.5843362601008266
wine,326,changeforest_bs__random_forest_n_estimators=20__random_forest_max_depth=None__random_forest_max_features=default,0.995247881237449,0.0010832559579077685,0.012380068090374497,0.012380068090374497,"[0, 216, 2354, 5190, 6269, 6462]","[0, 66, 136, 209, 2354, 5187, 6268, 6462]",6,0.6446213820017874
wine,326,changeforest_bs__random_forest_n_estimators=20__random_forest_max_depth=None__random_forest_max_features=None,0.993577541409393,0.0024760136180748994,0.012534818941504178,0.012534818941504178,"[0, 216, 2354, 5190, 6269, 6462]","[0, 69, 135, 200, 2353, 5190, 6272, 6462]",6,0.8511750709731132
wine,326,changeforest_bs__random_forest_n_estimators=100__random_forest_max_depth=2__random_forest_max_features=1,0.9223461624148493,0.0018570102135561746,0.04828226555246054,0.04828226555246054,"[0, 216, 2354, 5190, 6269, 6462]","[0, 214, 2042, 2366, 5184, 6203, 6269, 6462]",6,0.5148971360176802
wine,326,changeforest_bs__random_forest_n_estimators=100__random_forest_max_depth=2__random_forest_max_features=default,0.990898421887763,0.0018570102135561746,0.0018570102135561746,0.0018570102135561746,"[0, 216, 2354, 5190, 6269, 6462]","[0, 216, 2366, 5184, 6270, 6462]",4,0.4789695970248431
wine,326,changeforest_bs__random_forest_n_estimators=100__random_forest_max_depth=2__random_forest_max_features=None,0.9924964035147495,0.002166511915815537,0.002166511915815537,0.002166511915815537,"[0, 216, 2354, 5190, 6269, 6462]","[0, 216, 2368, 5190, 6269, 6462]",4,0.5667212819680572
wine,326,changeforest_bs__random_forest_n_estimators=100__random_forest_max_depth=8__random_forest_max_features=1,0.9937117283224013,0.0010832559579077685,0.0010832559579077685,0.0010832559579077685,"[0, 216, 2354, 5190, 6269, 6462]","[0, 216, 2361, 5184, 6269, 6462]",4,0.7526204350870103
wine,326,changeforest_bs__random_forest_n_estimators=100__random_forest_max_depth=8__random_forest_max_features=default,0.9933193224834285,0.0010832559579077685,0.0010832559579077685,0.0010832559579077685,"[0, 216, 2354, 5190, 6269, 6462]","[0, 215, 2361, 5184, 6270, 6462]",4,0.7953944390174001
wine,326,changeforest_bs__random_forest_n_estimators=100__random_forest_max_depth=8__random_forest_max_features=None,0.9959888603684113,0.0010832559579077685,0.0010832559579077685,0.0010832559579077685,"[0, 216, 2354, 5190, 6269, 6462]","[0, 215, 2361, 5190, 6269, 6462]",4,1.111256066011265
wine,326,changeforest_bs__random_forest_n_estimators=100__random_forest_max_depth=None__random_forest_max_features=1,0.9985949795112461,0.00046425255338904364,0.00046425255338904364,0.00046425255338904364,"[0, 216, 2354, 5190, 6269, 6462]","[0, 216, 2354, 5187, 6268, 6462]",4,1.4729245349299163
wine,326,changeforest_bs__random_forest_n_estimators=100__random_forest_max_depth=None__random_forest_max_features=default,0.9985341346921609,0.00030950170225936243,0.00030950170225936243,0.00030950170225936243,"[0, 216, 2354, 5190, 6269, 6462]","[0, 215, 2356, 5190, 6268, 6462]",4,1.525328796938993
wine,326,changeforest_bs__random_forest_n_estimators=100__random_forest_max_depth=None__random_forest_max_features=None,0.9985341346921609,0.00030950170225936243,0.00030950170225936243,0.00030950170225936243,"[0, 216, 2354, 5190, 6269, 6462]","[0, 215, 2356, 5190, 6268, 6462]",4,2.0706970539176837
wine,326,changeforest_bs__random_forest_n_estimators=500__random_forest_max_depth=2__random_forest_max_features=1,0.990898421887763,0.0018570102135561746,0.0018570102135561746,0.0018570102135561746,"[0, 216, 2354, 5190, 6269, 6462]","[0, 216, 2366, 5184, 6270, 6462]",4,1.3039780310355127
wine,326,changeforest_bs__random_forest_n_estimators=500__random_forest_max_depth=2__random_forest_max_features=default,0.990898421887763,0.0018570102135561746,0.0018570102135561746,0.0018570102135561746,"[0, 216, 2354, 5190, 6269, 6462]","[0, 216, 2366, 5184, 6270, 6462]",4,1.3808061450254172
wine,326,changeforest_bs__random_forest_n_estimators=500__random_forest_max_depth=2__random_forest_max_features=None,0.9813334160215424,0.0032497678737233053,0.01532033426183844,0.01532033426183844,"[0, 216, 2354, 5190, 6269, 6462]","[0, 216, 2368, 5190, 6170, 6248, 6462]",5,1.7434555869549513
wine,326,changeforest_bs__random_forest_n_estimators=500__random_forest_max_depth=8__random_forest_max_features=1,0.996255222232305,0.0009285051067780873,0.0009285051067780873,0.0009285051067780873,"[0, 216, 2354, 5190, 6269, 6462]","[0, 216, 2356, 5184, 6268, 6462]",4,2.8195036319084466
wine,326,changeforest_bs__random_forest_n_estimators=500__random_forest_max_depth=8__random_forest_max_features=default,0.9934571156692091,0.0010832559579077685,0.0010832559579077685,0.0010832559579077685,"[0, 216, 2354, 5190, 6269, 6462]","[0, 215, 2361, 5184, 6269, 6462]",4,3.119247076101601
wine,326,changeforest_bs__random_forest_n_estimators=500__random_forest_max_depth=8__random_forest_max_features=None,0.9934571156692091,0.0010832559579077685,0.0010832559579077685,0.0010832559579077685,"[0, 216, 2354, 5190, 6269, 6462]","[0, 215, 2361, 5184, 6269, 6462]",4,4.6567485079867765
wine,326,changeforest_bs__random_forest_n_estimators=500__random_forest_max_depth=None__random_forest_max_features=1,0.9985949795112461,0.00046425255338904364,0.00046425255338904364,0.00046425255338904364,"[0, 216, 2354, 5190, 6269, 6462]","[0, 216, 2354, 5187, 6268, 6462]",4,6.313746141036972
wine,326,changeforest_bs__random_forest_n_estimators=500__random_forest_max_depth=None__random_forest_max_features=default,0.9983408649476878,0.00046425255338904364,0.00046425255338904364,0.00046425255338904364,"[0, 216, 2354, 5190, 6269, 6462]","[0, 215, 2354, 5187, 6268, 6462]",4,6.4609872930450365
wine,326,changeforest_bs__random_forest_n_estimators=500__random_forest_max_depth=None__random_forest_max_features=None,0.9842764143829055,0.00030950170225936243,0.010058805323429279,0.010058805323429279,"[0, 216, 2354, 5190, 6269, 6462]","[0, 215, 281, 2356, 5190, 6269, 6462]",5,9.79268986103125
breast-cancer,326,changeforest_bs__random_forest_n_estimators=20__random_forest_max_depth=2__random_forest_max_features=1,0.9942263155512072,0.001430615164520744,0.001430615164520744,0.001430615164520744,"[0, 241, 699]","[0, 242, 699]",1,0.016562053002417088
breast-cancer,326,changeforest_bs__random_forest_n_estimators=20__random_forest_max_depth=2__random_forest_max_features=default,0.9942263155512072,0.001430615164520744,0.001430615164520744,0.001430615164520744,"[0, 241, 699]","[0, 242, 699]",1,0.016079736058600247
breast-cancer,326,changeforest_bs__random_forest_n_estimators=20__random_forest_max_depth=2__random_forest_max_features=None,0.9942263155512072,0.001430615164520744,0.001430615164520744,0.001430615164520744,"[0, 241, 699]","[0, 242, 699]",1,0.018677289015613496
breast-cancer,326,changeforest_bs__random_forest_n_estimators=20__random_forest_max_depth=8__random_forest_max_features=1,0.9942263155512072,0.001430615164520744,0.001430615164520744,0.001430615164520744,"[0, 241, 699]","[0, 242, 699]",1,0.02470368007197976
breast-cancer,326,changeforest_bs__random_forest_n_estimators=20__random_forest_max_depth=8__random_forest_max_features=default,0.9942263155512072,0.001430615164520744,0.001430615164520744,0.001430615164520744,"[0, 241, 699]","[0, 242, 699]",1,0.024396121967583895
breast-cancer,326,changeforest_bs__random_forest_n_estimators=20__random_forest_max_depth=8__random_forest_max_features=None,0.9942263155512072,0.001430615164520744,0.001430615164520744,0.001430615164520744,"[0, 241, 699]","[0, 242, 699]",1,0.030084875994361937
breast-cancer,326,changeforest_bs__random_forest_n_estimators=20__random_forest_max_depth=None__random_forest_max_features=1,1.0,0.0,0.0,0.0,"[0, 241, 699]","[0, 241, 699]",1,0.03149901703000069
breast-cancer,326,changeforest_bs__random_forest_n_estimators=20__random_forest_max_depth=None__random_forest_max_features=default,0.9942263155512072,0.001430615164520744,0.001430615164520744,0.001430615164520744,"[0, 241, 699]","[0, 242, 699]",1,0.03313680610153824
breast-cancer,326,changeforest_bs__random_forest_n_estimators=20__random_forest_max_depth=None__random_forest_max_features=None,0.9942263155512072,0.001430615164520744,0.001430615164520744,0.001430615164520744,"[0, 241, 699]","[0, 242, 699]",1,0.03075201192405075
breast-cancer,326,changeforest_bs__random_forest_n_estimators=100__random_forest_max_depth=2__random_forest_max_features=1,1.0,0.0,0.0,0.0,"[0, 241, 699]","[0, 241, 699]",1,0.037135599995963275
breast-cancer,326,changeforest_bs__random_forest_n_estimators=100__random_forest_max_depth=2__random_forest_max_features=default,0.9942263155512072,0.001430615164520744,0.001430615164520744,0.001430615164520744,"[0, 241, 699]","[0, 242, 699]",1,0.037748286966234446
breast-cancer,326,changeforest_bs__random_forest_n_estimators=100__random_forest_max_depth=2__random_forest_max_features=None,0.9942263155512072,0.001430615164520744,0.001430615164520744,0.001430615164520744,"[0, 241, 699]","[0, 242, 699]",1,0.03764849703293294
breast-cancer,326,changeforest_bs__random_forest_n_estimators=100__random_forest_max_depth=8__random_forest_max_features=1,1.0,0.0,0.0,0.0,"[0, 241, 699]","[0, 241, 699]",1,0.0566394740017131
breast-cancer,326,changeforest_bs__random_forest_n_estimators=100__random_forest_max_depth=8__random_forest_max_features=default,0.9942263155512072,0.001430615164520744,0.001430615164520744,0.001430615164520744,"[0, 241, 699]","[0, 242, 699]",1,0.06285199406556785
breast-cancer,326,changeforest_bs__random_forest_n_estimators=100__random_forest_max_depth=8__random_forest_max_features=None,0.9942263155512072,0.001430615164520744,0.001430615164520744,0.001430615164520744,"[0, 241, 699]","[0, 242, 699]",1,0.0635058400221169
breast-cancer,326,changeforest_bs__random_forest_n_estimators=100__random_forest_max_depth=None__random_forest_max_features=1,1.0,0.0,0.0,0.0,"[0, 241, 699]","[0, 241, 699]",1,0.07535207399632782
breast-cancer,326,changeforest_bs__random_forest_n_estimators=100__random_forest_max_depth=None__random_forest_max_features=default,0.9942263155512072,0.001430615164520744,0.001430615164520744,0.001430615164520744,"[0, 241, 699]","[0, 242, 699]",1,0.07888392102904618
breast-cancer,326,changeforest_bs__random_forest_n_estimators=100__random_forest_max_depth=None__random_forest_max_features=None,0.9942263155512072,0.001430615164520744,0.001430615164520744,0.001430615164520744,"[0, 241, 699]","[0, 242, 699]",1,0.0764713860116899
breast-cancer,326,changeforest_bs__random_forest_n_estimators=500__random_forest_max_depth=2__random_forest_max_features=1,1.0,0.0,0.0,0.0,"[0, 241, 699]","[0, 241, 699]",1,0.08814826095476747
breast-cancer,326,changeforest_bs__random_forest_n_estimators=500__random_forest_max_depth=2__random_forest_max_features=default,1.0,0.0,0.0,0.0,"[0, 241, 699]","[0, 241, 699]",1,0.10642116202507168
breast-cancer,326,changeforest_bs__random_forest_n_estimators=500__random_forest_max_depth=2__random_forest_max_features=None,0.9942263155512072,0.001430615164520744,0.001430615164520744,0.001430615164520744,"[0, 241, 699]","[0, 242, 699]",1,0.11422630201559514
breast-cancer,326,changeforest_bs__random_forest_n_estimators=500__random_forest_max_depth=8__random_forest_max_features=1,1.0,0.0,0.0,0.0,"[0, 241, 699]","[0, 241, 699]",1,0.1976902730530128
breast-cancer,326,changeforest_bs__random_forest_n_estimators=500__random_forest_max_depth=8__random_forest_max_features=default,0.9942263155512072,0.001430615164520744,0.001430615164520744,0.001430615164520744,"[0, 241, 699]","[0, 242, 699]",1,0.1824992710025981
breast-cancer,326,changeforest_bs__random_forest_n_estimators=500__random_forest_max_depth=8__random_forest_max_features=None,0.9942263155512072,0.001430615164520744,0.001430615164520744,0.001430615164520744,"[0, 241, 699]","[0, 242, 699]",1,0.24612012098077685
breast-cancer,326,changeforest_bs__random_forest_n_estimators=500__random_forest_max_depth=None__random_forest_max_features=1,1.0,0.0,0.0,0.0,"[0, 241, 699]","[0, 241, 699]",1,0.2817076499341056
breast-cancer,326,changeforest_bs__random_forest_n_estimators=500__random_forest_max_depth=None__random_forest_max_features=default,0.9942263155512072,0.001430615164520744,0.001430615164520744,0.001430615164520744,"[0, 241, 699]","[0, 242, 699]",1,0.26692907500546426
breast-cancer,326,changeforest_bs__random_forest_n_estimators=500__random_forest_max_depth=None__random_forest_max_features=None,0.9942263155512072,0.001430615164520744,0.001430615164520744,0.001430615164520744,"[0, 241, 699]","[0, 242, 699]",1,0.2786865800153464
abalone,326,changeforest_bs__random_forest_n_estimators=20__random_forest_max_depth=2__random_forest_max_features=1,0.9051651817638148,0.06566650270536153,0.006886374815543532,0.06566650270536153,"[0, 67, 554, 611, 726, 985, 1619, 1661, 2052, 2741, 3309, 3576, 3779, 3905, 4008, 4066]","[0, 81, 554, 622, 725, 983, 1661, 2052, 2732, 3309, 3877, 4066]",10,0.21903117501642555
abalone,326,changeforest_bs__random_forest_n_estimators=20__random_forest_max_depth=2__random_forest_max_features=default,0.9233485629841265,0.04033448106246926,0.009591736350221348,0.04033448106246926,"[0, 67, 554, 611, 726, 985, 1619, 1661, 2052, 2741, 3309, 3576, 3779, 3905, 4008, 4066]","[0, 69, 554, 618, 725, 983, 1661, 2052, 2732, 3309, 3740, 4066]",10,0.215848964988254
abalone,326,changeforest_bs__random_forest_n_estimators=20__random_forest_max_depth=2__random_forest_max_features=None,0.8270777920230226,0.0705853418593212,0.033202164289227745,0.0705853418593212,"[0, 67, 554, 611, 726, 985, 1619, 1661, 2052, 2741, 3309, 3576, 3779, 3905, 4008, 4066]","[0, 69, 419, 554, 618, 725, 982, 1661, 2052, 2732, 3309, 4066]",10,0.23247751803137362
abalone,326,changeforest_bs__random_forest_n_estimators=20__random_forest_max_depth=8__random_forest_max_features=1,0.921910782195905,0.06246925725528775,0.012543039842597147,0.06246925725528775,"[0, 67, 554, 611, 726, 985, 1619, 1661, 2052, 2741, 3309, 3576, 3779, 3905, 4008, 4066]","[0, 65, 554, 618, 725, 983, 1661, 2052, 2743, 3309, 3830, 4066]",10,0.3098658979870379
abalone,326,changeforest_bs__random_forest_n_estimators=20__random_forest_max_depth=8__random_forest_max_features=default,0.8690161167431576,0.06566650270536153,0.009591736350221348,0.06566650270536153,"[0, 67, 554, 611, 726, 985, 1619, 1661, 2052, 2741, 3309, 3576, 3779, 3905, 4008, 4066]","[0, 65, 106, 554, 598, 725, 985, 1660, 2052, 2740, 3309, 4020, 4066]",11,0.3187212310731411
abalone,326,changeforest_bs__random_forest_n_estimators=20__random_forest_max_depth=8__random_forest_max_features=None,0.8603804918913553,0.06566650270536153,0.010083620265617314,0.06566650270536153,"[0, 67, 554, 611, 726, 985, 1619, 1661, 2052, 2741, 3309, 3576, 3779, 3905, 4008, 4066]","[0, 65, 554, 609, 651, 725, 984, 1661, 2052, 2093, 2743, 3309, 4021, 4066]",12,0.4260776770533994
abalone,326,changeforest_bs__random_forest_n_estimators=20__random_forest_max_depth=None__random_forest_max_features=1,0.03999342778143752,0.41293654697491394,0.011805213969503197,0.41293654697491394,"[0, 67, 554, 611, 726, 985, 1619, 1661, 2052, 2741, 3309, 3576, 3779, 3905, 4008, 4066]","[0, 3731, 3775, 3818, 3860, 3904, 3950, 4014, 4066]",7,0.6288172580534592
abalone,326,changeforest_bs__random_forest_n_estimators=20__random_forest_max_depth=None__random_forest_max_features=default,0.03441491496499869,0.42621741269060504,0.011805213969503197,0.42621741269060504,"[0, 67, 554, 611, 726, 985, 1619, 1661, 2052, 2741, 3309, 3576, 3779, 3905, 4008, 4066]","[0, 3785, 3827, 3870, 3917, 3963, 4007, 4066]",6,0.551351067959331
abalone,326,changeforest_bs__random_forest_n_estimators=20__random_forest_max_depth=None__random_forest_max_features=None,0.05137075731220625,0.4085095917363502,0.021396950319724543,0.4085095917363502,"[0, 67, 554, 611, 726, 985, 1619, 1661, 2052, 2741, 3309, 3576, 3779, 3905, 4008, 4066]","[0, 3647, 3692, 3734, 3776, 4066]",4,0.4527286059455946
abalone,326,changeforest_bs__random_forest_n_estimators=100__random_forest_max_depth=2__random_forest_max_features=1,0.9204558623657344,0.04672897196261682,0.004426955238563699,0.04672897196261682,"[0, 67, 554, 611, 726, 985, 1619, 1661, 2052, 2741, 3309, 3576, 3779, 3905, 4008, 4066]","[0, 85, 554, 622, 725, 983, 1661, 2052, 2732, 3309, 3766, 4066]",10,0.41236121591646224
abalone,326,changeforest_bs__random_forest_n_estimators=100__random_forest_max_depth=2__random_forest_max_features=default,0.8931810435218743,0.05361534677816036,0.029513034923757994,0.05361534677816036,"[0, 67, 554, 611, 726, 985, 1619, 1661, 2052, 2741, 3309, 3576, 3779, 3905, 4008, 4066]","[0, 81, 434, 554, 618, 725, 983, 1661, 2052, 2732, 3309, 3794, 4066]",11,0.4271452500252053
abalone,326,changeforest_bs__random_forest_n_estimators=100__random_forest_max_depth=2__random_forest_max_features=None,0.8961189380209613,0.047958681751106735,0.033202164289227745,0.047958681751106735,"[0, 67, 554, 611, 726, 985, 1619, 1661, 2052, 2741, 3309, 3576, 3779, 3905, 4008, 4066]","[0, 69, 419, 554, 618, 725, 982, 1661, 2052, 2732, 3309, 3771, 4066]",11,0.5269789450103417
abalone,326,changeforest_bs__random_forest_n_estimators=100__random_forest_max_depth=8__random_forest_max_features=1,0.8577503000859926,0.06566650270536153,0.045499262174126906,0.06566650270536153,"[0, 67, 554, 611, 726, 985, 1619, 1661, 2052, 2741, 3309, 3576, 3779, 3905, 4008, 4066]","[0, 68, 252, 440, 554, 622, 725, 983, 1661, 2052, 2732, 3309, 3897, 4066]",12,0.7412962500238791
abalone,326,changeforest_bs__random_forest_n_estimators=100__random_forest_max_depth=8__random_forest_max_features=default,0.9235992061554915,0.06566650270536153,0.0076242006886374815,0.06566650270536153,"[0, 67, 554, 611, 726, 985, 1619, 1661, 2052, 2741, 3309, 3576, 3779, 3905, 4008, 4066]","[0, 69, 554, 623, 725, 983, 1618, 1661, 2052, 2732, 3309, 3874, 4066]",11,0.7891685710055754
abalone,326,changeforest_bs__random_forest_n_estimators=100__random_forest_max_depth=8__random_forest_max_features=None,0.9119745413859571,0.06566650270536153,0.0031972454500737825,0.06566650270536153,"[0, 67, 554, 611, 726, 985, 1619, 1661, 2052, 2741, 3309, 3576, 3779, 3905, 4008, 4066]","[0, 68, 554, 598, 719, 982, 1661, 2052, 2741, 3309, 3897, 4066]",10,1.0355608080280945
abalone,326,changeforest_bs__random_forest_n_estimators=100__random_forest_max_depth=None__random_forest_max_features=1,0.9308853873422368,0.04131824889326119,0.008607968519429415,0.04131824889326119,"[0, 67, 554, 611, 726, 985, 1619, 1661, 2052, 2741, 3309, 3576, 3779, 3905, 4008, 4066]","[0, 81, 554, 618, 720, 985, 1662, 2052, 2732, 3309, 3611, 4003, 4066]",11,1.182220850023441
abalone,326,changeforest_bs__random_forest_n_estimators=100__random_forest_max_depth=None__random_forest_max_features=default,0.9728688762460421,0.02336448598130841,0.0076242006886374815,0.02336448598130841,"[0, 67, 554, 611, 726, 985, 1619, 1661, 2052, 2741, 3309, 3576, 3779, 3905, 4008, 4066]","[0, 65, 554, 615, 725, 985, 1619, 1661, 2052, 2734, 3309, 3577, 3874, 4066]",12,1.2909259560983628
abalone,326,changeforest_bs__random_forest_n_estimators=100__random_forest_max_depth=None__random_forest_max_features=None,0.9533321478254346,0.029021151008362025,0.0022134776192818495,0.029021151008362025,"[0, 67, 554, 611, 726, 985, 1619, 1661, 2052, 2741, 3309, 3576, 3779, 3905, 4008, 4066]","[0, 68, 554, 615, 725, 984, 1662, 2053, 2732, 3312, 3577, 3897, 4066]",11,1.5458846979308873
abalone,326,changeforest_bs__random_forest_n_estimators=500__random_forest_max_depth=2__random_forest_max_features=1,0.9198293034647517,0.05361534677816036,0.0036891293654697493,0.05361534677816036,"[0, 67, 554, 611, 726, 985, 1619, 1661, 2052, 2741, 3309, 3576, 3779, 3905, 4008, 4066]","[0, 81, 554, 622, 725, 983, 1661, 2052, 2732, 3309, 3794, 4066]",10,1.1250967970117927
abalone,326,changeforest_bs__random_forest_n_estimators=500__random_forest_max_depth=2__random_forest_max_features=default,0.8950697611614068,0.04672897196261682,0.029513034923757994,0.04672897196261682,"[0, 67, 554, 611, 726, 985, 1619, 1661, 2052, 2741, 3309, 3576, 3779, 3905, 4008, 4066]","[0, 81, 434, 554, 618, 725, 983, 1661, 2052, 2732, 3309, 3766, 4066]",11,1.2265170899918303
abalone,326,changeforest_bs__random_forest_n_estimators=500__random_forest_max_depth=2__random_forest_max_features=None,0.9087929501376165,0.047958681751106735,0.03344810624692573,0.047958681751106735,"[0, 67, 554, 611, 726, 985, 1619, 1661, 2052, 2741, 3309, 3576, 3779, 3905, 4008, 4066]","[0, 69, 418, 554, 618, 725, 982, 1614, 1661, 2052, 2732, 3309, 3771, 4066]",12,1.5841804969822988
abalone,326,changeforest_bs__random_forest_n_estimators=500__random_forest_max_depth=8__random_forest_max_features=1,0.8773134190780866,0.06566650270536153,0.029513034923757994,0.06566650270536153,"[0, 67, 554, 611, 726, 985, 1619, 1661, 2052, 2741, 3309, 3576, 3779, 3905, 4008, 4066]","[0, 76, 434, 554, 622, 725, 983, 1661, 2052, 2732, 3309, 3897, 4066]",11,2.4832991920411587
abalone,326,changeforest_bs__random_forest_n_estimators=500__random_forest_max_depth=8__random_forest_max_features=default,0.9742374912884532,0.01647811116576488,0.014510575504181012,0.01647811116576488,"[0, 67, 554, 611, 726, 985, 1619, 1661, 2052, 2741, 3309, 3576, 3779, 3905, 4008, 4066]","[0, 68, 554, 615, 720, 983, 1619, 1661, 2052, 2732, 3309, 3577, 3846, 3924, 4066]",13,3.115367820020765
abalone,326,changeforest_bs__random_forest_n_estimators=500__random_forest_max_depth=8__random_forest_max_features=None,0.9287465594252345,0.02336448598130841,0.02680767338908018,0.02680767338908018,"[0, 67, 554, 611, 726, 985, 1619, 1661, 2052, 2741, 3309, 3576, 3779, 3905, 4008, 4066]","[0, 67, 445, 554, 598, 725, 984, 1661, 2052, 2732, 3309, 3577, 3874, 4066]",12,4.1012887679971755
abalone,326,changeforest_bs__random_forest_n_estimators=500__random_forest_max_depth=None__random_forest_max_features=1,0.8807641389967884,0.06566650270536153,0.02779144121987211,0.06566650270536153,"[0, 67, 554, 611, 726, 985, 1619, 1661, 2052, 2741, 3309, 3576, 3779, 3905, 4008, 4066]","[0, 69, 441, 554, 615, 720, 984, 1662, 2052, 2732, 3309, 3888, 4066]",11,4.609340551076457
abalone,326,changeforest_bs__random_forest_n_estimators=500__random_forest_max_depth=None__random_forest_max_features=default,0.9552340940742031,0.02336448598130841,0.0076242006886374815,0.02336448598130841,"[0, 67, 554, 611, 726, 985, 1619, 1661, 2052, 2741, 3309, 3576, 3779, 3905, 4008, 4066]","[0, 67, 554, 615, 720, 985, 1661, 2052, 2732, 3309, 3577, 3874, 4066]",11,4.867702569928952
abalone,326,changeforest_bs__random_forest_n_estimators=500__random_forest_max_depth=None__random_forest_max_features=None,0.933792280249044,0.02336448598130841,0.03074274471224791,0.03074274471224791,"[0, 67, 554, 611, 726, 985, 1619, 1661, 2052, 2741, 3309, 3576, 3779, 3905, 4008, 4066]","[0, 65, 554, 598, 725, 985, 1661, 1927, 2052, 2732, 3309, 3577, 3874, 4066]",12,6.414119123946875
dry-beans,326,changeforest_bs__random_forest_n_estimators=20__random_forest_max_depth=2__random_forest_max_features=1,0.9881789185413353,0.0,0.012269487914187055,0.012269487914187055,"[0, 1322, 3958, 4480, 6408, 9954, 11981, 13611]","[0, 1322, 3958, 4480, 6408, 9954, 10121, 11981, 13611]",7,0.6458458869019523
dry-beans,326,changeforest_bs__random_forest_n_estimators=20__random_forest_max_depth=2__random_forest_max_features=default,1.0,0.0,0.0,0.0,"[0, 1322, 3958, 4480, 6408, 9954, 11981, 13611]","[0, 1322, 3958, 4480, 6408, 9954, 11981, 13611]",6,0.64125436602626
dry-beans,326,changeforest_bs__random_forest_n_estimators=20__random_forest_max_depth=2__random_forest_max_features=None,1.0,0.0,0.0,0.0,"[0, 1322, 3958, 4480, 6408, 9954, 11981, 13611]","[0, 1322, 3958, 4480, 6408, 9954, 11981, 13611]",6,0.803064298001118
dry-beans,326,changeforest_bs__random_forest_n_estimators=20__random_forest_max_depth=8__random_forest_max_features=1,0.9998807719371964,7.346998751010212e-05,7.346998751010212e-05,7.346998751010212e-05,"[0, 1322, 3958, 4480, 6408, 9954, 11981, 13611]","[0, 1322, 3957, 4480, 6408, 9954, 11981, 13611]",6,0.8284502030583099
dry-beans,326,changeforest_bs__random_forest_n_estimators=20__random_forest_max_depth=8__random_forest_max_features=default,1.0,0.0,0.0,0.0,"[0, 1322, 3958, 4480, 6408, 9954, 11981, 13611]","[0, 1322, 3958, 4480, 6408, 9954, 11981, 13611]",6,0.9293705589370802
dry-beans,326,changeforest_bs__random_forest_n_estimators=20__random_forest_max_depth=8__random_forest_max_features=None,1.0,0.0,0.0,0.0,"[0, 1322, 3958, 4480, 6408, 9954, 11981, 13611]","[0, 1322, 3958, 4480, 6408, 9954, 11981, 13611]",6,1.3741912259720266
dry-beans,326,changeforest_bs__random_forest_n_estimators=20__random_forest_max_depth=None__random_forest_max_features=1,1.0,0.0,0.0,0.0,"[0, 1322, 3958, 4480, 6408, 9954, 11981, 13611]","[0, 1322, 3958, 4480, 6408, 9954, 11981, 13611]",6,1.1682803999865428
dry-beans,326,changeforest_bs__random_forest_n_estimators=20__random_forest_max_depth=None__random_forest_max_features=default,1.0,0.0,0.0,0.0,"[0, 1322, 3958, 4480, 6408, 9954, 11981, 13611]","[0, 1322, 3958, 4480, 6408, 9954, 11981, 13611]",6,1.3461557059781626
dry-beans,326,changeforest_bs__random_forest_n_estimators=20__random_forest_max_depth=None__random_forest_max_features=None,1.0,0.0,0.0,0.0,"[0, 1322, 3958, 4480, 6408, 9954, 11981, 13611]","[0, 1322, 3958, 4480, 6408, 9954, 11981, 13611]",6,2.1014577500754967
dry-beans,326,changeforest_bs__random_forest_n_estimators=100__random_forest_max_depth=2__random_forest_max_features=1,0.9462589681149391,0.0,0.05260451105723312,0.05260451105723312,"[0, 1322, 3958, 4480, 6408, 9954, 11981, 13611]","[0, 1322, 3242, 3958, 4480, 6408, 9954, 11981, 13611]",7,1.2372361200395972
dry-beans,326,changeforest_bs__random_forest_n_estimators=100__random_forest_max_depth=2__random_forest_max_features=default,0.9504598027554285,0.0,0.04665344206891485,0.04665344206891485,"[0, 1322, 3958, 4480, 6408, 9954, 11981, 13611]","[0, 1322, 3323, 3958, 4480, 6408, 9954, 11981, 13611]",7,1.4617754039354622
dry-beans,326,changeforest_bs__random_forest_n_estimators=100__random_forest_max_depth=2__random_forest_max_features=None,0.9616508299038015,0.0,0.033355374329586365,0.033355374329586365,"[0, 1322, 3958, 4480, 6408, 9954, 11981, 13611]","[0, 1322, 3504, 3958, 4480, 6408, 9954, 11981, 13611]",7,2.1258136379765347
dry-beans,326,changeforest_bs__random_forest_n_estimators=100__random_forest_max_depth=8__random_forest_max_features=1,1.0,0.0,0.0,0.0,"[0, 1322, 3958, 4480, 6408, 9954, 11981, 13611]","[0, 1322, 3958, 4480, 6408, 9954, 11981, 13611]",6,2.0090248939814046
dry-beans,326,changeforest_bs__random_forest_n_estimators=100__random_forest_max_depth=8__random_forest_max_features=default,1.0,0.0,0.0,0.0,"[0, 1322, 3958, 4480, 6408, 9954, 11981, 13611]","[0, 1322, 3958, 4480, 6408, 9954, 11981, 13611]",6,2.3610823480412364
dry-beans,326,changeforest_bs__random_forest_n_estimators=100__random_forest_max_depth=8__random_forest_max_features=None,1.0,0.0,0.0,0.0,"[0, 1322, 3958, 4480, 6408, 9954, 11981, 13611]","[0, 1322, 3958, 4480, 6408, 9954, 11981, 13611]",6,4.729788959026337
dry-beans,326,changeforest_bs__random_forest_n_estimators=100__random_forest_max_depth=None__random_forest_max_features=1,1.0,0.0,0.0,0.0,"[0, 1322, 3958, 4480, 6408, 9954, 11981, 13611]","[0, 1322, 3958, 4480, 6408, 9954, 11981, 13611]",6,3.544909419026226
dry-beans,326,changeforest_bs__random_forest_n_estimators=100__random_forest_max_depth=None__random_forest_max_features=default,1.0,0.0,0.0,0.0,"[0, 1322, 3958, 4480, 6408, 9954, 11981, 13611]","[0, 1322, 3958, 4480, 6408, 9954, 11981, 13611]",6,4.129360349965282
dry-beans,326,changeforest_bs__random_forest_n_estimators=100__random_forest_max_depth=None__random_forest_max_features=None,0.9474507165074378,0.0,0.05084123135699067,0.05084123135699067,"[0, 1322, 3958, 4480, 6408, 9954, 11981, 13611]","[0, 1322, 3266, 3958, 4480, 6408, 9954, 11981, 13611]",7,7.627111351001076
dry-beans,326,changeforest_bs__random_forest_n_estimators=500__random_forest_max_depth=2__random_forest_max_features=1,0.9331534492500816,0.0,0.08191903607376387,0.08191903607376387,"[0, 1322, 3958, 4480, 6408, 9954, 11981, 13611]","[0, 1322, 2843, 3958, 4480, 6408, 9954, 11981, 13611]",7,4.25588750699535
dry-beans,326,changeforest_bs__random_forest_n_estimators=500__random_forest_max_depth=2__random_forest_max_features=default,0.9369599926369881,0.0,0.06994342810961722,0.06994342810961722,"[0, 1322, 3958, 4480, 6408, 9954, 11981, 13611]","[0, 1322, 3006, 3958, 4480, 6408, 9954, 11981, 13611]",7,4.935126207070425
dry-beans,326,changeforest_bs__random_forest_n_estimators=500__random_forest_max_depth=2__random_forest_max_features=None,0.9463565687806543,0.0,0.05245757108221292,0.05245757108221292,"[0, 1322, 3958, 4480, 6408, 9954, 11981, 13611]","[0, 1322, 3244, 3958, 4480, 6408, 9954, 11981, 13611]",7,8.181306131999008
dry-beans,326,changeforest_bs__random_forest_n_estimators=500__random_forest_max_depth=8__random_forest_max_features=1,1.0,0.0,0.0,0.0,"[0, 1322, 3958, 4480, 6408, 9954, 11981, 13611]","[0, 1322, 3958, 4480, 6408, 9954, 11981, 13611]",6,8.105756795033813
dry-beans,326,changeforest_bs__random_forest_n_estimators=500__random_forest_max_depth=8__random_forest_max_features=default,1.0,0.0,0.0,0.0,"[0, 1322, 3958, 4480, 6408, 9954, 11981, 13611]","[0, 1322, 3958, 4480, 6408, 9954, 11981, 13611]",6,10.24500734405592
dry-beans,326,changeforest_bs__random_forest_n_estimators=500__random_forest_max_depth=8__random_forest_max_features=None,0.9998807719371964,7.346998751010212e-05,7.346998751010212e-05,7.346998751010212e-05,"[0, 1322, 3958, 4480, 6408, 9954, 11981, 13611]","[0, 1322, 3957, 4480, 6408, 9954, 11981, 13611]",6,20.053816659958102
dry-beans,326,changeforest_bs__random_forest_n_estimators=500__random_forest_max_depth=None__random_forest_max_features=1,1.0,0.0,0.0,0.0,"[0, 1322, 3958, 4480, 6408, 9954, 11981, 13611]","[0, 1322, 3958, 4480, 6408, 9954, 11981, 13611]",6,14.65487058996223
dry-beans,326,changeforest_bs__random_forest_n_estimators=500__random_forest_max_depth=None__random_forest_max_features=default,1.0,0.0,0.0,0.0,"[0, 1322, 3958, 4480, 6408, 9954, 11981, 13611]","[0, 1322, 3958, 4480, 6408, 9954, 11981, 13611]",6,17.882726124022156
dry-beans,326,changeforest_bs__random_forest_n_estimators=500__random_forest_max_depth=None__random_forest_max_features=None,0.9998807719371964,7.346998751010212e-05,7.346998751010212e-05,7.346998751010212e-05,"[0, 1322, 3958, 4480, 6408, 9954, 11981, 13611]","[0, 1322, 3957, 4480, 6408, 9954, 11981, 13611]",6,32.07528337999247
change_in_mean,326,changeforest_bs__random_forest_n_estimators=20__random_forest_max_depth=2__random_forest_max_features=1,0.9028701151289119,0.0,0.08333333333333333,0.08333333333333333,"[0, 200.0, 400.0, 600]","[0, 200, 400, 450, 600]",3,0.037946432013995945
change_in_mean,326,changeforest_bs__random_forest_n_estimators=20__random_forest_max_depth=2__random_forest_max_features=default,1.0,0.0,0.0,0.0,"[0, 200.0, 400.0, 600]","[0, 200, 400, 600]",2,0.02067416498903185
change_in_mean,326,changeforest_bs__random_forest_n_estimators=20__random_forest_max_depth=2__random_forest_max_features=None,1.0,0.0,0.0,0.0,"[0, 200.0, 400.0, 600]","[0, 200, 400, 600]",2,0.024959425907582045
change_in_mean,326,changeforest_bs__random_forest_n_estimators=20__random_forest_max_depth=8__random_forest_max_features=1,1.0,0.0,0.0,0.0,"[0, 200.0, 400.0, 600]","[0, 200, 400, 600]",2,0.029235437978059053
change_in_mean,326,changeforest_bs__random_forest_n_estimators=20__random_forest_max_depth=8__random_forest_max_features=default,1.0,0.0,0.0,0.0,"[0, 200.0, 400.0, 600]","[0, 200, 400, 600]",2,0.03166706196498126
change_in_mean,326,changeforest_bs__random_forest_n_estimators=20__random_forest_max_depth=8__random_forest_max_features=None,1.0,0.0,0.0,0.0,"[0, 200.0, 400.0, 600]","[0, 200, 400, 600]",2,0.036213862942531705
change_in_mean,326,changeforest_bs__random_forest_n_estimators=20__random_forest_max_depth=None__random_forest_max_features=1,0.9508278038255951,0.0,0.023333333333333334,0.023333333333333334,"[0, 200.0, 400.0, 600]","[0, 7, 186, 200, 400, 600]",4,0.04876582103315741
change_in_mean,326,changeforest_bs__random_forest_n_estimators=20__random_forest_max_depth=None__random_forest_max_features=default,0.8696040038079595,0.0,0.04833333333333333,0.04833333333333333,"[0, 200.0, 400.0, 600]","[0, 9, 20, 26, 200, 400, 571, 586, 593, 600]",8,0.10108940897043794
change_in_mean,326,changeforest_bs__random_forest_n_estimators=20__random_forest_max_depth=None__random_forest_max_features=None,0.9806103373768926,0.0,0.013333333333333334,0.013333333333333334,"[0, 200.0, 400.0, 600]","[0, 8, 200, 400, 600]",3,0.05125963408499956
change_in_mean,326,changeforest_bs__random_forest_n_estimators=100__random_forest_max_depth=2__random_forest_max_features=1,0.8856437258999719,0.0,0.095,0.095,"[0, 200.0, 400.0, 600]","[0, 200, 400, 415, 457, 600]",4,0.04669013398233801
change_in_mean,326,changeforest_bs__random_forest_n_estimators=100__random_forest_max_depth=2__random_forest_max_features=default,0.8876708307143859,0.0,0.105,0.105,"[0, 200.0, 400.0, 600]","[0, 200, 400, 463, 600]",3,0.05021587107330561
change_in_mean,326,changeforest_bs__random_forest_n_estimators=100__random_forest_max_depth=2__random_forest_max_features=None,0.9028701151289119,0.0,0.08333333333333333,0.08333333333333333,"[0, 200.0, 400.0, 600]","[0, 200, 400, 450, 600]",3,0.056640328955836594
change_in_mean,326,changeforest_bs__random_forest_n_estimators=100__random_forest_max_depth=8__random_forest_max_features=1,1.0,0.0,0.0,0.0,"[0, 200.0, 400.0, 600]","[0, 200, 400, 600]",2,0.07403305603656918
change_in_mean,326,changeforest_bs__random_forest_n_estimators=100__random_forest_max_depth=8__random_forest_max_features=default,1.0,0.0,0.0,0.0,"[0, 200.0, 400.0, 600]","[0, 200, 400, 600]",2,0.07014412106946111
change_in_mean,326,changeforest_bs__random_forest_n_estimators=100__random_forest_max_depth=8__random_forest_max_features=None,1.0,0.0,0.0,0.0,"[0, 200.0, 400.0, 600]","[0, 200, 400, 600]",2,0.08937733492348343
change_in_mean,326,changeforest_bs__random_forest_n_estimators=100__random_forest_max_depth=None__random_forest_max_features=1,1.0,0.0,0.0,0.0,"[0, 200.0, 400.0, 600]","[0, 200, 400, 600]",2,0.08846454101148993
change_in_mean,326,changeforest_bs__random_forest_n_estimators=100__random_forest_max_depth=None__random_forest_max_features=default,1.0,0.0,0.0,0.0,"[0, 200.0, 400.0, 600]","[0, 200, 400, 600]",2,0.0916978600434959
change_in_mean,326,changeforest_bs__random_forest_n_estimators=100__random_forest_max_depth=None__random_forest_max_features=None,1.0,0.0,0.0,0.0,"[0, 200.0, 400.0, 600]","[0, 200, 400, 600]",2,0.09588916297070682
change_in_mean,326,changeforest_bs__random_forest_n_estimators=500__random_forest_max_depth=2__random_forest_max_features=1,0.8876708307143859,0.0,0.105,0.105,"[0, 200.0, 400.0, 600]","[0, 200, 400, 463, 600]",3,0.11712204397190362
change_in_mean,326,changeforest_bs__random_forest_n_estimators=500__random_forest_max_depth=2__random_forest_max_features=default,0.8876708307143859,0.0,0.105,0.105,"[0, 200.0, 400.0, 600]","[0, 200, 400, 463, 600]",3,0.12907960498705506
change_in_mean,326,changeforest_bs__random_forest_n_estimators=500__random_forest_max_depth=2__random_forest_max_features=None,0.9028701151289119,0.0,0.08333333333333333,0.08333333333333333,"[0, 200.0, 400.0, 600]","[0, 200, 400, 450, 600]",3,0.16950407100375742
change_in_mean,326,changeforest_bs__random_forest_n_estimators=500__random_forest_max_depth=8__random_forest_max_features=1,0.8876708307143859,0.0,0.105,0.105,"[0, 200.0, 400.0, 600]","[0, 200, 400, 463, 600]",3,0.2909113559871912
change_in_mean,326,changeforest_bs__random_forest_n_estimators=500__random_forest_max_depth=8__random_forest_max_features=default,1.0,0.0,0.0,0.0,"[0, 200.0, 400.0, 600]","[0, 200, 400, 600]",2,0.24746500002220273
change_in_mean,326,changeforest_bs__random_forest_n_estimators=500__random_forest_max_depth=8__random_forest_max_features=None,1.0,0.0,0.0,0.0,"[0, 200.0, 400.0, 600]","[0, 200, 400, 600]",2,0.32039933290798217
change_in_mean,326,changeforest_bs__random_forest_n_estimators=500__random_forest_max_depth=None__random_forest_max_features=1,0.8876708307143859,0.0,0.105,0.105,"[0, 200.0, 400.0, 600]","[0, 200, 400, 463, 600]",3,0.36831671895924956
change_in_mean,326,changeforest_bs__random_forest_n_estimators=500__random_forest_max_depth=None__random_forest_max_features=default,1.0,0.0,0.0,0.0,"[0, 200.0, 400.0, 600]","[0, 200, 400, 600]",2,0.3547979579307139
change_in_mean,326,changeforest_bs__random_forest_n_estimators=500__random_forest_max_depth=None__random_forest_max_features=None,1.0,0.0,0.0,0.0,"[0, 200.0, 400.0, 600]","[0, 200, 400, 600]",2,0.35819631500635296
change_in_covariance,326,changeforest_bs__random_forest_n_estimators=20__random_forest_max_depth=2__random_forest_max_features=1,0.0,0.3333333333333333,0.0,0.3333333333333333,"[0, 200.0, 400.0, 600]","[0, 600]",0,0.005519364029169083
change_in_covariance,326,changeforest_bs__random_forest_n_estimators=20__random_forest_max_depth=2__random_forest_max_features=default,0.0,0.3333333333333333,0.0,0.3333333333333333,"[0, 200.0, 400.0, 600]","[0, 600]",0,0.007962838048115373
change_in_covariance,326,changeforest_bs__random_forest_n_estimators=20__random_forest_max_depth=2__random_forest_max_features=None,0.25208028043931197,0.3333333333333333,0.105,0.3333333333333333,"[0, 200.0, 400.0, 600]","[0, 463, 600]",1,0.016714200959540904
change_in_covariance,326,changeforest_bs__random_forest_n_estimators=20__random_forest_max_depth=8__random_forest_max_features=1,0.0,0.3333333333333333,0.0,0.3333333333333333,"[0, 200.0, 400.0, 600]","[0, 600]",0,0.01061145099811256
change_in_covariance,326,changeforest_bs__random_forest_n_estimators=20__random_forest_max_depth=8__random_forest_max_features=default,0.0,0.3333333333333333,0.0,0.3333333333333333,"[0, 200.0, 400.0, 600]","[0, 600]",0,0.01308747404254973
change_in_covariance,326,changeforest_bs__random_forest_n_estimators=20__random_forest_max_depth=8__random_forest_max_features=None,0.17940133429742383,0.3333333333333333,0.13833333333333334,0.3333333333333333,"[0, 200.0, 400.0, 600]","[0, 483, 600]",1,0.027917727013118565
change_in_covariance,326,changeforest_bs__random_forest_n_estimators=20__random_forest_max_depth=None__random_forest_max_features=1,0.0,0.3333333333333333,0.0,0.3333333333333333,"[0, 200.0, 400.0, 600]","[0, 600]",0,0.015787716023623943
change_in_covariance,326,changeforest_bs__random_forest_n_estimators=20__random_forest_max_depth=None__random_forest_max_features=default,0.0,0.3333333333333333,0.0,0.3333333333333333,"[0, 200.0, 400.0, 600]","[0, 600]",0,0.015592458075843751
change_in_covariance,326,changeforest_bs__random_forest_n_estimators=20__random_forest_max_depth=None__random_forest_max_features=None,0.0,0.3333333333333333,0.0,0.3333333333333333,"[0, 200.0, 400.0, 600]","[0, 600]",0,0.018666718038730323
change_in_covariance,326,changeforest_bs__random_forest_n_estimators=100__random_forest_max_depth=2__random_forest_max_features=1,0.0,0.3333333333333333,0.0,0.3333333333333333,"[0, 200.0, 400.0, 600]","[0, 600]",0,0.015228261006996036
change_in_covariance,326,changeforest_bs__random_forest_n_estimators=100__random_forest_max_depth=2__random_forest_max_features=default,0.25208028043931197,0.3333333333333333,0.105,0.3333333333333333,"[0, 200.0, 400.0, 600]","[0, 463, 600]",1,0.029878905043005943
change_in_covariance,326,changeforest_bs__random_forest_n_estimators=100__random_forest_max_depth=2__random_forest_max_features=None,0.8320700185821819,0.018333333333333333,0.105,0.105,"[0, 200.0, 400.0, 600]","[0, 189, 400, 463, 600]",3,0.05785578198265284
change_in_covariance,326,changeforest_bs__random_forest_n_estimators=100__random_forest_max_depth=8__random_forest_max_features=1,0.8300901080139292,0.018333333333333333,0.10833333333333334,0.10833333333333334,"[0, 200.0, 400.0, 600]","[0, 189, 400, 465, 600]",3,0.0884475710336119
change_in_covariance,326,changeforest_bs__random_forest_n_estimators=100__random_forest_max_depth=8__random_forest_max_features=default,0.8181581465016531,0.018333333333333333,0.135,0.135,"[0, 200.0, 400.0, 600]","[0, 189, 400, 481, 600]",3,0.0894080949947238
change_in_covariance,326,changeforest_bs__random_forest_n_estimators=100__random_forest_max_depth=8__random_forest_max_features=None,0.8427724374462952,0.0016666666666666668,0.135,0.135,"[0, 200.0, 400.0, 600]","[0, 189, 199, 400, 481, 600]",4,0.13922669901512563
change_in_covariance,326,changeforest_bs__random_forest_n_estimators=100__random_forest_max_depth=None__random_forest_max_features=1,0.8822474033636853,0.0033333333333333335,0.08833333333333333,0.08833333333333333,"[0, 200.0, 400.0, 600]","[0, 198, 402, 453, 600]",3,0.13236798404250294
change_in_covariance,326,changeforest_bs__random_forest_n_estimators=100__random_forest_max_depth=None__random_forest_max_features=default,0.8401664467089274,0.0033333333333333335,0.135,0.135,"[0, 200.0, 400.0, 600]","[0, 189, 198, 400, 481, 600]",4,0.12056942004710436
change_in_covariance,326,changeforest_bs__random_forest_n_estimators=100__random_forest_max_depth=None__random_forest_max_features=None,0.8635943693790274,0.0033333333333333335,0.135,0.135,"[0, 200.0, 400.0, 600]","[0, 198, 400, 481, 600]",3,0.13075142400339246
change_in_covariance,326,changeforest_bs__random_forest_n_estimators=500__random_forest_max_depth=2__random_forest_max_features=1,0.25208028043931197,0.3333333333333333,0.105,0.3333333333333333,"[0, 200.0, 400.0, 600]","[0, 463, 600]",1,0.0731494709616527
change_in_covariance,326,changeforest_bs__random_forest_n_estimators=500__random_forest_max_depth=2__random_forest_max_features=default,0.8320700185821819,0.018333333333333333,0.105,0.105,"[0, 200.0, 400.0, 600]","[0, 189, 400, 463, 600]",3,0.14803991094231606
change_in_covariance,326,changeforest_bs__random_forest_n_estimators=500__random_forest_max_depth=2__random_forest_max_features=None,0.8320700185821819,0.018333333333333333,0.105,0.105,"[0, 200.0, 400.0, 600]","[0, 189, 400, 463, 600]",3,0.1734674150357023
change_in_covariance,326,changeforest_bs__random_forest_n_estimators=500__random_forest_max_depth=8__random_forest_max_features=1,0.8320700185821819,0.018333333333333333,0.105,0.105,"[0, 200.0, 400.0, 600]","[0, 189, 400, 463, 600]",3,0.2834251350723207
change_in_covariance,326,changeforest_bs__random_forest_n_estimators=500__random_forest_max_depth=8__random_forest_max_features=default,0.8349576519226207,0.013333333333333334,0.10833333333333334,0.10833333333333334,"[0, 200.0, 400.0, 600]","[0, 189, 208, 400, 465, 600]",4,0.35521193500608206
change_in_covariance,326,changeforest_bs__random_forest_n_estimators=500__random_forest_max_depth=8__random_forest_max_features=None,0.8181581465016531,0.018333333333333333,0.135,0.135,"[0, 200.0, 400.0, 600]","[0, 189, 400, 481, 600]",3,0.41036630293820053
change_in_covariance,326,changeforest_bs__random_forest_n_estimators=500__random_forest_max_depth=None__random_forest_max_features=1,0.8635943693790274,0.0033333333333333335,0.135,0.135,"[0, 200.0, 400.0, 600]","[0, 198, 400, 481, 600]",3,0.4211959030944854
change_in_covariance,326,changeforest_bs__random_forest_n_estimators=500__random_forest_max_depth=None__random_forest_max_features=default,0.8753608847214893,0.0033333333333333335,0.10833333333333334,0.10833333333333334,"[0, 200.0, 400.0, 600]","[0, 198, 400, 465, 600]",3,0.42531374597456306
change_in_covariance,326,changeforest_bs__random_forest_n_estimators=500__random_forest_max_depth=None__random_forest_max_features=None,0.8035243677019713,0.023333333333333334,0.135,0.135,"[0, 200.0, 400.0, 600]","[0, 186, 400, 481, 600]",3,0.5249407039955258
dirichlet,326,changeforest_bs__random_forest_n_estimators=20__random_forest_max_depth=2__random_forest_max_features=1,0.9781814637544476,0.007,0.007,0.007,"[0, 100, 130, 220, 320, 370, 520, 620, 740, 790, 870, 1000]","[0, 100, 130, 220, 320, 370, 520, 618, 741, 790, 863, 1000]",10,0.10167642403393984
dirichlet,326,changeforest_bs__random_forest_n_estimators=20__random_forest_max_depth=2__random_forest_max_features=default,0.9976338587771595,0.001,0.001,0.001,"[0, 100, 130, 220, 320, 370, 520, 620, 740, 790, 870, 1000]","[0, 100, 130, 220, 320, 370, 520, 619, 740, 790, 870, 1000]",10,0.10776024498045444
dirichlet,326,changeforest_bs__random_forest_n_estimators=20__random_forest_max_depth=2__random_forest_max_features=None,1.0,0.0,0.0,0.0,"[0, 100, 130, 220, 320, 370, 520, 620, 740, 790, 870, 1000]","[0, 100, 130, 220, 320, 370, 520, 620, 740, 790, 870, 1000]",10,0.12668838002718985
dirichlet,326,changeforest_bs__random_forest_n_estimators=20__random_forest_max_depth=8__random_forest_max_features=1,0.9741049885334631,0.004,0.011,0.011,"[0, 100, 130, 220, 320, 370, 520, 620, 740, 790, 870, 1000]","[0, 104, 130, 220, 321, 369, 522, 620, 741, 789, 859, 870, 1000]",11,0.15614040801301599
dirichlet,326,changeforest_bs__random_forest_n_estimators=20__random_forest_max_depth=8__random_forest_max_features=default,0.991442042454551,0.002,0.002,0.002,"[0, 100, 130, 220, 320, 370, 520, 620, 740, 790, 870, 1000]","[0, 100, 130, 220, 318, 370, 522, 620, 740, 790, 870, 1000]",10,0.162048559053801
dirichlet,326,changeforest_bs__random_forest_n_estimators=20__random_forest_max_depth=8__random_forest_max_features=None,1.0,0.0,0.0,0.0,"[0, 100, 130, 220, 320, 370, 520, 620, 740, 790, 870, 1000]","[0, 100, 130, 220, 320, 370, 520, 620, 740, 790, 870, 1000]",10,0.20491550804581493
dirichlet,326,changeforest_bs__random_forest_n_estimators=20__random_forest_max_depth=None__random_forest_max_features=1,0.984512679492252,0.001,0.024,0.024,"[0, 100, 130, 220, 320, 370, 520, 620, 740, 790, 870, 1000]","[0, 100, 130, 220, 320, 370, 520, 620, 740, 791, 814, 870, 1000]",11,0.16360203898511827
dirichlet,326,changeforest_bs__random_forest_n_estimators=20__random_forest_max_depth=None__random_forest_max_features=default,1.0,0.0,0.0,0.0,"[0, 100, 130, 220, 320, 370, 520, 620, 740, 790, 870, 1000]","[0, 100, 130, 220, 320, 370, 520, 620, 740, 790, 870, 1000]",10,0.16559565591160208
dirichlet,326,changeforest_bs__random_forest_n_estimators=20__random_forest_max_depth=None__random_forest_max_features=None,1.0,0.0,0.0,0.0,"[0, 100, 130, 220, 320, 370, 520, 620, 740, 790, 870, 1000]","[0, 100, 130, 220, 320, 370, 520, 620, 740, 790, 870, 1000]",10,0.20768476091325283
dirichlet,326,changeforest_bs__random_forest_n_estimators=100__random_forest_max_depth=2__random_forest_max_features=1,0.9888458531624567,0.002,0.002,0.002,"[0, 100, 130, 220, 320, 370, 520, 620, 740, 790, 870, 1000]","[0, 100, 130, 220, 319, 371, 521, 622, 740, 790, 870, 1000]",10,0.1974897370673716
dirichlet,326,changeforest_bs__random_forest_n_estimators=100__random_forest_max_depth=2__random_forest_max_features=default,1.0,0.0,0.0,0.0,"[0, 100, 130, 220, 320, 370, 520, 620, 740, 790, 870, 1000]","[0, 100, 130, 220, 320, 370, 520, 620, 740, 790, 870, 1000]",10,0.22824840596877038
dirichlet,326,changeforest_bs__random_forest_n_estimators=100__random_forest_max_depth=2__random_forest_max_features=None,0.9950530125957008,0.0,0.012,0.012,"[0, 100, 130, 220, 320, 370, 520, 620, 740, 790, 870, 1000]","[0, 100, 130, 220, 320, 370, 520, 620, 740, 752, 790, 870, 1000]",11,0.3214497650042176
dirichlet,326,changeforest_bs__random_forest_n_estimators=100__random_forest_max_depth=8__random_forest_max_features=1,0.9907386231114116,0.007,0.007,0.007,"[0, 100, 130, 220, 320, 370, 520, 620, 740, 790, 870, 1000]","[0, 107, 130, 220, 320, 370, 520, 620, 740, 790, 870, 1000]",10,0.40373929706402123
dirichlet,326,changeforest_bs__random_forest_n_estimators=100__random_forest_max_depth=8__random_forest_max_features=default,1.0,0.0,0.0,0.0,"[0, 100, 130, 220, 320, 370, 520, 620, 740, 790, 870, 1000]","[0, 100, 130, 220, 320, 370, 520, 620, 740, 790, 870, 1000]",10,0.4037244659848511
dirichlet,326,changeforest_bs__random_forest_n_estimators=100__random_forest_max_depth=8__random_forest_max_features=None,0.9950530125957008,0.0,0.012,0.012,"[0, 100, 130, 220, 320, 370, 520, 620, 740, 790, 870, 1000]","[0, 100, 130, 220, 320, 370, 520, 620, 740, 752, 790, 870, 1000]",11,0.5525531420717016
dirichlet,326,changeforest_bs__random_forest_n_estimators=100__random_forest_max_depth=None__random_forest_max_features=1,1.0,0.0,0.0,0.0,"[0, 100, 130, 220, 320, 370, 520, 620, 740, 790, 870, 1000]","[0, 100, 130, 220, 320, 370, 520, 620, 740, 790, 870, 1000]",10,0.47024292091373354
dirichlet,326,changeforest_bs__random_forest_n_estimators=100__random_forest_max_depth=None__random_forest_max_features=default,0.987074196483124,0.0,0.016,0.016,"[0, 100, 130, 220, 320, 370, 520, 620, 740, 790, 870, 1000]","[0, 100, 130, 146, 220, 320, 370, 520, 620, 740, 790, 870, 1000]",11,0.42068133607972413
dirichlet,326,changeforest_bs__random_forest_n_estimators=100__random_forest_max_depth=None__random_forest_max_features=None,0.9950530125957008,0.0,0.012,0.012,"[0, 100, 130, 220, 320, 370, 520, 620, 740, 790, 870, 1000]","[0, 100, 130, 220, 320, 370, 520, 620, 740, 752, 790, 870, 1000]",11,0.5721807330846786
dirichlet,326,changeforest_bs__random_forest_n_estimators=500__random_forest_max_depth=2__random_forest_max_features=1,0.9944451053277049,0.004,0.006,0.006,"[0, 100, 130, 220, 320, 370, 520, 620, 740, 790, 870, 1000]","[0, 100, 124, 134, 220, 320, 370, 520, 620, 740, 790, 870, 1000]",11,0.6365885609993711
dirichlet,326,changeforest_bs__random_forest_n_estimators=500__random_forest_max_depth=2__random_forest_max_features=default,0.9976330471908404,0.001,0.001,0.001,"[0, 100, 130, 220, 320, 370, 520, 620, 740, 790, 870, 1000]","[0, 100, 130, 220, 320, 370, 520, 621, 740, 790, 870, 1000]",10,0.687646956066601
dirichlet,326,changeforest_bs__random_forest_n_estimators=500__random_forest_max_depth=2__random_forest_max_features=None,0.9950530125957008,0.0,0.012,0.012,"[0, 100, 130, 220, 320, 370, 520, 620, 740, 790, 870, 1000]","[0, 100, 130, 220, 320, 370, 520, 620, 740, 752, 790, 870, 1000]",11,1.018756316974759
dirichlet,326,changeforest_bs__random_forest_n_estimators=500__random_forest_max_depth=8__random_forest_max_features=1,0.986897707689039,0.0,0.02,0.02,"[0, 100, 130, 220, 320, 370, 520, 620, 740, 790, 870, 1000]","[0, 100, 130, 220, 320, 370, 520, 620, 740, 790, 850, 870, 1000]",11,1.6231132979737595
dirichlet,326,changeforest_bs__random_forest_n_estimators=500__random_forest_max_depth=8__random_forest_max_features=default,0.9825695048245449,0.0,0.037,0.037,"[0, 100, 130, 220, 320, 370, 520, 620, 740, 790, 870, 1000]","[0, 100, 130, 220, 320, 370, 520, 620, 740, 790, 833, 870, 1000]",11,1.5978370330994949
dirichlet,326,changeforest_bs__random_forest_n_estimators=500__random_forest_max_depth=8__random_forest_max_features=None,0.9950530125957008,0.0,0.012,0.012,"[0, 100, 130, 220, 320, 370, 520, 620, 740, 790, 870, 1000]","[0, 100, 130, 220, 320, 370, 520, 620, 740, 752, 790, 870, 1000]",11,2.0897859290707856
dirichlet,326,changeforest_bs__random_forest_n_estimators=500__random_forest_max_depth=None__random_forest_max_features=1,1.0,0.0,0.0,0.0,"[0, 100, 130, 220, 320, 370, 520, 620, 740, 790, 870, 1000]","[0, 100, 130, 220, 320, 370, 520, 620, 740, 790, 870, 1000]",10,1.7655235310085118
dirichlet,326,changeforest_bs__random_forest_n_estimators=500__random_forest_max_depth=None__random_forest_max_features=default,0.9825695048245449,0.0,0.037,0.037,"[0, 100, 130, 220, 320, 370, 520, 620, 740, 790, 870, 1000]","[0, 100, 130, 220, 320, 370, 520, 620, 740, 790, 833, 870, 1000]",11,1.5515947729581967
dirichlet,326,changeforest_bs__random_forest_n_estimators=500__random_forest_max_depth=None__random_forest_max_features=None,0.9950530125957008,0.0,0.012,0.012,"[0, 100, 130, 220, 320, 370, 520, 620, 740, 790, 870, 1000]","[0, 100, 130, 220, 320, 370, 520, 620, 740, 752, 790, 870, 1000]",11,2.190579393063672
